6.795000000000000000e+03 6.025000000000000000e+03 8.461376999999999926e-01
6.800000000000000000e+03 6.025000000000000000e+03 8.723821999999999965e-01
6.805000000000000000e+03 6.025000000000000000e+03 8.961552000000000406e-01
6.810000000000000000e+03 6.025000000000000000e+03 9.156765999999999517e-01
6.815000000000000000e+03 6.025000000000000000e+03 9.332888999999999768e-01
6.820000000000000000e+03 6.030000000000000000e+03 9.468794000000000377e-01
6.825000000000000000e+03 6.040000000000000000e+03 9.271222999999999548e-01
6.830000000000000000e+03 6.030000000000000000e+03 9.371536000000000310e-01
6.835000000000000000e+03 6.035000000000000000e+03 9.495656999999999570e-01
6.840000000000000000e+03 6.040000000000000000e+03 8.885591999999999935e-01
6.845000000000000000e+03 6.035000000000000000e+03 9.458016000000000201e-01
6.850000000000000000e+03 6.050000000000000000e+03 8.706924000000000330e-01
6.855000000000000000e+03 6.065000000000000000e+03 8.927637000000000489e-01
6.860000000000000000e+03 6.070000000000000000e+03 8.842906000000000377e-01
6.865000000000000000e+03 6.070000000000000000e+03 8.938186999999999660e-01
6.870000000000000000e+03 6.075000000000000000e+03 8.930164000000000435e-01
6.875000000000000000e+03 6.070000000000000000e+03 9.230890000000000484e-01
6.880000000000000000e+03 6.070000000000000000e+03 8.859361999999999515e-01
6.885000000000000000e+03 6.070000000000000000e+03 9.123179000000000149e-01
6.890000000000000000e+03 6.080000000000000000e+03 8.613146000000000413e-01
6.895000000000000000e+03 6.100000000000000000e+03 8.918612999999999680e-01
6.900000000000000000e+03 6.095000000000000000e+03 8.868679999999999897e-01
6.905000000000000000e+03 6.100000000000000000e+03 9.077935999999999783e-01
6.910000000000000000e+03 6.100000000000000000e+03 9.027935000000000265e-01
6.915000000000000000e+03 6.100000000000000000e+03 9.112413000000000318e-01
6.920000000000000000e+03 6.105000000000000000e+03 9.094212000000000407e-01
6.925000000000000000e+03 6.110000000000000000e+03 9.075250999999999735e-01
6.930000000000000000e+03 6.120000000000000000e+03 8.980088999999999988e-01
6.935000000000000000e+03 6.130000000000000000e+03 9.183350000000000124e-01
6.940000000000000000e+03 6.135000000000000000e+03 8.644760999999999695e-01
6.945000000000000000e+03 6.135000000000000000e+03 8.931521000000000043e-01
6.950000000000000000e+03 6.135000000000000000e+03 8.805830999999999520e-01
6.955000000000000000e+03 6.140000000000000000e+03 8.961383000000000543e-01
6.960000000000000000e+03 6.145000000000000000e+03 8.694397999999999849e-01
6.965000000000000000e+03 6.145000000000000000e+03 8.956140999999999686e-01
6.970000000000000000e+03 6.160000000000000000e+03 8.636565000000000492e-01
6.975000000000000000e+03 6.160000000000000000e+03 9.167193000000000147e-01
6.980000000000000000e+03 6.170000000000000000e+03 9.051510000000000389e-01
6.985000000000000000e+03 6.165000000000000000e+03 8.649362000000000439e-01
6.990000000000000000e+03 6.185000000000000000e+03 8.800438999999999901e-01
6.995000000000000000e+03 6.170000000000000000e+03 9.074735000000000440e-01
7.000000000000000000e+03 6.175000000000000000e+03 9.290152999999999883e-01
7.005000000000000000e+03 6.200000000000000000e+03 9.473492999999999498e-01
7.010000000000000000e+03 6.200000000000000000e+03 9.800592000000000192e-01
7.015000000000000000e+03 6.215000000000000000e+03 9.457242999999999622e-01
7.020000000000000000e+03 6.215000000000000000e+03 9.453650000000000109e-01
7.025000000000000000e+03 6.215000000000000000e+03 9.830533000000000188e-01
7.030000000000000000e+03 6.250000000000000000e+03 8.921814999999999607e-01
7.035000000000000000e+03 6.250000000000000000e+03 9.467963999999999825e-01
7.040000000000000000e+03 6.250000000000000000e+03 9.312076999999999716e-01
7.045000000000000000e+03 6.255000000000000000e+03 9.623066999999999593e-01
7.050000000000000000e+03 6.285000000000000000e+03 9.583949000000000495e-01
7.055000000000000000e+03 6.290000000000000000e+03 9.545105000000000395e-01
7.065000000000000000e+03 6.305000000000000000e+03 9.909803999999999835e-01
7.075000000000000000e+03 6.335000000000000000e+03 9.967177000000000398e-01
7.085000000000000000e+03 6.330000000000000000e+03 9.951170000000000293e-01
7.095000000000000000e+03 6.345000000000000000e+03 9.218039000000000094e-01
7.100000000000000000e+03 6.370000000000000000e+03 9.623399000000000258e-01
7.105000000000000000e+03 6.385000000000000000e+03 9.225482000000000404e-01
7.110000000000000000e+03 6.385000000000000000e+03 8.940185999999999966e-01
7.115000000000000000e+03 6.395000000000000000e+03 8.669548000000000254e-01
7.120000000000000000e+03 6.390000000000000000e+03 8.995090000000000030e-01
7.125000000000000000e+03 6.425000000000000000e+03 9.152628999999999904e-01
7.130000000000000000e+03 6.425000000000000000e+03 9.176001999999999770e-01
7.135000000000000000e+03 6.425000000000000000e+03 9.381177000000000543e-01
7.140000000000000000e+03 6.445000000000000000e+03 9.509326999999999641e-01
7.145000000000000000e+03 6.455000000000000000e+03 9.946827000000000307e-01
7.150000000000000000e+03 6.465000000000000000e+03 9.455219000000000262e-01
7.155000000000000000e+03 6.465000000000000000e+03 9.763098000000000054e-01
7.160000000000000000e+03 6.455000000000000000e+03 9.646936999999999873e-01
7.165000000000000000e+03 6.490000000000000000e+03 9.534534999999999538e-01
7.170000000000000000e+03 6.510000000000000000e+03 9.344831000000000110e-01
7.175000000000000000e+03 6.510000000000000000e+03 9.626238000000000294e-01
7.180000000000000000e+03 6.510000000000000000e+03 9.757185999999999915e-01
7.185000000000000000e+03 6.515000000000000000e+03 9.756179000000000379e-01
7.190000000000000000e+03 6.520000000000000000e+03 9.379707000000000461e-01
7.195000000000000000e+03 6.550000000000000000e+03 9.411068999999999685e-01
7.200000000000000000e+03 6.550000000000000000e+03 9.484854000000000340e-01
7.205000000000000000e+03 6.550000000000000000e+03 9.541779000000000233e-01
7.210000000000000000e+03 6.545000000000000000e+03 9.697653999999999996e-01
7.215000000000000000e+03 6.545000000000000000e+03 9.265619000000000494e-01
7.220000000000000000e+03 6.610000000000000000e+03 9.636620000000000186e-01
7.225000000000000000e+03 6.615000000000000000e+03 9.943395000000000428e-01
7.230000000000000000e+03 6.615000000000000000e+03 1.013295000000000057e+00
7.235000000000000000e+03 6.615000000000000000e+03 1.005160999999999971e+00
7.240000000000000000e+03 6.615000000000000000e+03 9.910371999999999515e-01
7.245000000000000000e+03 6.645000000000000000e+03 9.355377999999999750e-01
7.250000000000000000e+03 6.620000000000000000e+03 9.807533999999999974e-01
7.255000000000000000e+03 6.625000000000000000e+03 9.746337000000000472e-01
7.260000000000000000e+03 6.670000000000000000e+03 9.828719000000000205e-01
7.265000000000000000e+03 6.675000000000000000e+03 1.005279999999999951e+00
7.270000000000000000e+03 6.670000000000000000e+03 1.000440999999999914e+00
7.275000000000000000e+03 6.670000000000000000e+03 9.973967999999999723e-01
7.280000000000000000e+03 6.670000000000000000e+03 1.005309000000000008e+00
7.285000000000000000e+03 6.670000000000000000e+03 9.939333999999999669e-01
7.290000000000000000e+03 6.725000000000000000e+03 9.958282999999999996e-01
7.295000000000000000e+03 6.725000000000000000e+03 1.015767000000000087e+00
7.300000000000000000e+03 6.710000000000000000e+03 1.014671000000000101e+00
7.305000000000000000e+03 6.710000000000000000e+03 1.034980999999999929e+00
7.310000000000000000e+03 6.730000000000000000e+03 1.019538999999999973e+00
7.315000000000000000e+03 6.740000000000000000e+03 1.011730999999999936e+00
7.320000000000000000e+03 6.730000000000000000e+03 1.007716000000000056e+00
7.325000000000000000e+03 6.770000000000000000e+03 9.921124000000000054e-01
7.330000000000000000e+03 6.795000000000000000e+03 1.031312999999999924e+00
7.335000000000000000e+03 6.795000000000000000e+03 1.035763999999999907e+00
7.340000000000000000e+03 6.795000000000000000e+03 1.050202000000000080e+00
7.345000000000000000e+03 6.785000000000000000e+03 1.077461000000000002e+00
7.350000000000000000e+03 6.805000000000000000e+03 1.069125000000000103e+00
7.355000000000000000e+03 6.810000000000000000e+03 1.074535000000000018e+00
7.360000000000000000e+03 6.825000000000000000e+03 1.026883999999999908e+00
7.365000000000000000e+03 6.845000000000000000e+03 1.045344000000000051e+00
7.370000000000000000e+03 6.845000000000000000e+03 1.026512000000000091e+00
7.375000000000000000e+03 6.875000000000000000e+03 1.083275999999999906e+00
7.380000000000000000e+03 6.875000000000000000e+03 1.102727000000000013e+00
7.385000000000000000e+03 6.880000000000000000e+03 1.090543999999999958e+00
7.390000000000000000e+03 6.880000000000000000e+03 1.084065000000000056e+00
7.395000000000000000e+03 6.880000000000000000e+03 1.071479000000000070e+00
7.400000000000000000e+03 6.885000000000000000e+03 1.098162000000000083e+00
7.405000000000000000e+03 6.890000000000000000e+03 1.057344000000000062e+00
7.410000000000000000e+03 6.965000000000000000e+03 1.057809999999999917e+00
7.415000000000000000e+03 6.965000000000000000e+03 1.060978999999999894e+00
7.420000000000000000e+03 6.970000000000000000e+03 1.060476999999999892e+00
7.425000000000000000e+03 6.960000000000000000e+03 1.099369000000000041e+00
7.430000000000000000e+03 6.970000000000000000e+03 1.070190999999999892e+00
7.435000000000000000e+03 6.970000000000000000e+03 1.056059999999999999e+00
7.440000000000000000e+03 6.975000000000000000e+03 1.045739999999999892e+00
7.445000000000000000e+03 7.000000000000000000e+03 1.036269000000000107e+00
7.450000000000000000e+03 7.000000000000000000e+03 1.031357000000000079e+00
7.455000000000000000e+03 7.005000000000000000e+03 1.008957000000000104e+00
7.460000000000000000e+03 7.060000000000000000e+03 9.999358000000000413e-01
7.475000000000000000e+03 7.135000000000000000e+03 1.044847000000000081e+00
7.490000000000000000e+03 7.185000000000000000e+03 9.884422000000000486e-01
7.495000000000000000e+03 7.180000000000000000e+03 1.095250000000000057e+00
7.500000000000000000e+03 7.270000000000000000e+03 1.071044000000000107e+00
7.505000000000000000e+03 7.475000000000000000e+03 1.109847000000000028e+00
7.510000000000000000e+03 7.475000000000000000e+03 1.130848999999999993e+00
7.515000000000000000e+03 7.475000000000000000e+03 1.115850999999999926e+00
7.520000000000000000e+03 7.470000000000000000e+03 1.112325000000000008e+00
7.525000000000000000e+03 7.460000000000000000e+03 1.074453000000000102e+00
7.530000000000000000e+03 7.450000000000000000e+03 9.899204000000000336e-01
