5.500000000000000000e+03 6.285000000000000000e+03 8.239617000000000191e-01
5.505000000000000000e+03 6.285000000000000000e+03 8.309630999999999545e-01
5.510000000000000000e+03 6.300000000000000000e+03 8.173652999999999613e-01
5.515000000000000000e+03 6.315000000000000000e+03 8.346099000000000157e-01
5.520000000000000000e+03 6.330000000000000000e+03 9.393418000000000045e-01
5.525000000000000000e+03 6.310000000000000000e+03 1.124905999999999962e+00
5.530000000000000000e+03 6.315000000000000000e+03 8.535241999999999551e-01
5.535000000000000000e+03 6.315000000000000000e+03 8.515104999999999480e-01
5.540000000000000000e+03 6.320000000000000000e+03 8.547409999999999730e-01
5.545000000000000000e+03 6.335000000000000000e+03 8.532541000000000153e-01
5.550000000000000000e+03 6.325000000000000000e+03 8.524000000000000465e-01
5.555000000000000000e+03 6.340000000000000000e+03 1.057415999999999912e+00
5.560000000000000000e+03 6.335000000000000000e+03 8.401657999999999626e-01
5.565000000000000000e+03 6.350000000000000000e+03 8.434667999999999610e-01
5.570000000000000000e+03 6.350000000000000000e+03 7.783609999999999696e-01
5.575000000000000000e+03 6.345000000000000000e+03 8.606616000000000266e-01
5.580000000000000000e+03 6.350000000000000000e+03 8.528476000000000390e-01
5.585000000000000000e+03 6.355000000000000000e+03 7.725334999999999841e-01
5.590000000000000000e+03 6.355000000000000000e+03 1.140789000000000053e+00
5.595000000000000000e+03 6.365000000000000000e+03 8.077955999999999470e-01
5.600000000000000000e+03 6.355000000000000000e+03 7.969241999999999715e-01
5.605000000000000000e+03 6.370000000000000000e+03 1.098298999999999914e+00
5.610000000000000000e+03 6.360000000000000000e+03 1.062063999999999897e+00
5.615000000000000000e+03 6.385000000000000000e+03 7.895864999999999689e-01
5.620000000000000000e+03 6.375000000000000000e+03 8.396379000000000481e-01
5.625000000000000000e+03 6.410000000000000000e+03 8.780362000000000444e-01
5.630000000000000000e+03 6.400000000000000000e+03 1.079827000000000092e+00
5.635000000000000000e+03 6.410000000000000000e+03 1.003203999999999985e+00
5.640000000000000000e+03 6.395000000000000000e+03 1.025252000000000052e+00
5.645000000000000000e+03 6.410000000000000000e+03 1.034410999999999969e+00
5.650000000000000000e+03 6.395000000000000000e+03 7.892999000000000542e-01
5.655000000000000000e+03 6.405000000000000000e+03 8.014126000000000305e-01
5.660000000000000000e+03 6.435000000000000000e+03 9.518463999999999814e-01
5.665000000000000000e+03 6.405000000000000000e+03 8.144063000000000274e-01
5.670000000000000000e+03 6.425000000000000000e+03 8.061606000000000050e-01
5.675000000000000000e+03 6.430000000000000000e+03 1.063544000000000045e+00
5.680000000000000000e+03 6.455000000000000000e+03 8.936110000000000442e-01
5.685000000000000000e+03 6.425000000000000000e+03 8.037864000000000120e-01
5.690000000000000000e+03 6.445000000000000000e+03 8.054270999999999514e-01
5.695000000000000000e+03 6.450000000000000000e+03 7.865045000000000508e-01
5.700000000000000000e+03 6.450000000000000000e+03 8.076748999999999734e-01
5.705000000000000000e+03 6.455000000000000000e+03 8.181443999999999939e-01
5.710000000000000000e+03 6.450000000000000000e+03 8.089631000000000460e-01
5.715000000000000000e+03 6.445000000000000000e+03 8.073567000000000382e-01
5.720000000000000000e+03 6.485000000000000000e+03 8.021827000000000263e-01
5.725000000000000000e+03 6.455000000000000000e+03 8.067492000000000552e-01
5.730000000000000000e+03 6.490000000000000000e+03 1.081028000000000100e+00
5.735000000000000000e+03 6.480000000000000000e+03 8.369014000000000175e-01
5.740000000000000000e+03 6.475000000000000000e+03 8.394373000000000529e-01
5.745000000000000000e+03 6.490000000000000000e+03 8.374300999999999551e-01
5.750000000000000000e+03 6.480000000000000000e+03 9.709008999999999556e-01
5.755000000000000000e+03 6.510000000000000000e+03 1.164938999999999947e+00
5.760000000000000000e+03 6.515000000000000000e+03 8.389482000000000328e-01
5.765000000000000000e+03 6.520000000000000000e+03 1.072923999999999989e+00
5.770000000000000000e+03 6.525000000000000000e+03 8.586283000000000110e-01
5.775000000000000000e+03 6.515000000000000000e+03 8.560280000000000111e-01
5.780000000000000000e+03 6.535000000000000000e+03 8.266892000000000129e-01
5.785000000000000000e+03 6.545000000000000000e+03 1.130516999999999994e+00
5.790000000000000000e+03 6.540000000000000000e+03 8.369041000000000396e-01
5.795000000000000000e+03 6.575000000000000000e+03 1.018091999999999997e+00
5.800000000000000000e+03 6.565000000000000000e+03 1.102643999999999957e+00
5.805000000000000000e+03 6.580000000000000000e+03 8.583872999999999642e-01
5.810000000000000000e+03 6.580000000000000000e+03 8.440543000000000351e-01
5.815000000000000000e+03 6.565000000000000000e+03 8.194573000000000551e-01
5.820000000000000000e+03 6.630000000000000000e+03 8.414253000000000426e-01
5.825000000000000000e+03 6.625000000000000000e+03 8.486525000000000318e-01
5.830000000000000000e+03 6.625000000000000000e+03 8.469548000000000076e-01
5.835000000000000000e+03 6.630000000000000000e+03 1.220761999999999903e+00
5.840000000000000000e+03 6.655000000000000000e+03 8.655874000000000068e-01
5.845000000000000000e+03 6.685000000000000000e+03 1.114584000000000019e+00
5.850000000000000000e+03 6.685000000000000000e+03 1.210377999999999954e+00
5.855000000000000000e+03 6.685000000000000000e+03 1.180390000000000050e+00
5.860000000000000000e+03 6.685000000000000000e+03 1.193667000000000034e+00
5.865000000000000000e+03 6.710000000000000000e+03 8.916159000000000168e-01
5.870000000000000000e+03 6.725000000000000000e+03 1.139281999999999906e+00
5.875000000000000000e+03 6.740000000000000000e+03 8.932155000000000511e-01
5.880000000000000000e+03 6.740000000000000000e+03 1.156295999999999990e+00
5.885000000000000000e+03 6.755000000000000000e+03 9.011961000000000555e-01
5.890000000000000000e+03 6.760000000000000000e+03 1.185141000000000000e+00
5.895000000000000000e+03 6.785000000000000000e+03 1.112001999999999935e+00
5.900000000000000000e+03 6.825000000000000000e+03 1.098035000000000094e+00
5.905000000000000000e+03 6.800000000000000000e+03 9.207676000000000194e-01
5.910000000000000000e+03 6.810000000000000000e+03 1.177067000000000085e+00
5.915000000000000000e+03 6.880000000000000000e+03 1.099866000000000010e+00
5.920000000000000000e+03 6.830000000000000000e+03 8.952978000000000325e-01
5.925000000000000000e+03 6.875000000000000000e+03 1.158970000000000056e+00
5.930000000000000000e+03 6.895000000000000000e+03 1.178333000000000075e+00
5.935000000000000000e+03 6.905000000000000000e+03 1.173367999999999967e+00
5.940000000000000000e+03 6.940000000000000000e+03 8.867099999999999982e-01
5.945000000000000000e+03 6.935000000000000000e+03 1.232569999999999943e+00
5.950000000000000000e+03 6.955000000000000000e+03 1.199505000000000043e+00
5.955000000000000000e+03 6.955000000000000000e+03 1.147983999999999893e+00
5.960000000000000000e+03 6.945000000000000000e+03 9.140068000000000081e-01
5.965000000000000000e+03 6.995000000000000000e+03 9.045269999999999699e-01
5.970000000000000000e+03 7.015000000000000000e+03 8.910137000000000196e-01
5.975000000000000000e+03 7.045000000000000000e+03 9.117389999999999661e-01
5.980000000000000000e+03 7.065000000000000000e+03 9.355109999999999815e-01
5.985000000000000000e+03 7.075000000000000000e+03 9.214757999999999560e-01
5.990000000000000000e+03 7.170000000000000000e+03 8.691404000000000352e-01
5.995000000000000000e+03 7.115000000000000000e+03 9.117235999999999674e-01
6.000000000000000000e+03 7.120000000000000000e+03 8.958426000000000444e-01
6.005000000000000000e+03 7.240000000000000000e+03 8.994577000000000266e-01
6.010000000000000000e+03 7.245000000000000000e+03 9.116708000000000034e-01
6.015000000000000000e+03 7.235000000000000000e+03 9.094086999999999588e-01
6.020000000000000000e+03 7.265000000000000000e+03 8.958715999999999902e-01
6.025000000000000000e+03 7.450000000000000000e+03 8.932972999999999608e-01
6.030000000000000000e+03 7.445000000000000000e+03 8.780641000000000140e-01
6.035000000000000000e+03 7.260000000000000000e+03 8.580619999999999914e-01
6.040000000000000000e+03 7.415000000000000000e+03 8.488999000000000406e-01
6.045000000000000000e+03 7.400000000000000000e+03 8.087786000000000142e-01
